0103
0038
0091
0001
0105
0047
0112
0022
0018
0002
0099
0054
0019
0089
0117
0087
0033
0037
0057
0114
0006
0079
0107
0024
0090
0014
0069
0088
0021
0050
0053
0086
0055
0023
0080
0119
0075
0051
0039
0097
0035
0066
0010
0008
0081
0073
0020
0046
0072
0043
0005
0052
0120
0074
0029
0013
0104
0056
0102
0106
0007
0113
0042
0076
0027
0032
0115
0030
0016
0110
0067
0083
0060
0036
0084
0108
0064
0096
0085
0093
0003
0092
0100
0062
0071
0094
0026
0111
0116
0118
0070
0031
0015
0034
0061
0041
0103
0256
0038
0278
0132
0091
0323
0192
0262
0001
0105
0047
0295
0122
0112
0022
0338
0180
0018
0002
0255
0343
0270
0099
0054
0019
0089
0364
0117
0342
0087
0033
0204
0289
0037
0251
0121
0057
0287
0328
0228
0215
0114
0006
0214
0079
0107
0024
0324
0250
0090
0014
0069
0088
0248
0133
0159
0202
0021
0050
0189
0240
0053
0363
0282
0339
0236
0086
0241
0141
0055
0137
0167
0023
0080
0197
0225
0119
0157
0075
0193
0148
0306
0155
0051
0296
0200
0274
0170
0181
0351
0153
0231
0039
0097
0207
